30
0,72,96,37,33,48,8,50,59,26,70,88,35,79,54,30,50,18,93,56,69,99,95,29,77,85,48,97,90,29
72,0,47,32,14,17,59,60,82,99,61,70,74,56,70,33,26,80,97,94,98,63,88,53,13,21,83,66,85,23
96,47,0,96,76,23,47,12,8,46,55,33,96,51,56,96,28,11,29,20,74,23,10,31,70,57,37,24,25,17
37,32,96,0,90,59,20,68,55,9,86,75,16,65,22,11,21,15,72,93,70,62,55,30,63,70,45,59,98,22
33,14,76,90,0,11,31,47,36,62,95,8,40,36,16,94,8,8,38,18,68,63,56,70,54,67,33,22,40,91
48,17,23,59,11,0,63,63,93,100,88,45,81,99,97,73,47,40,42,98,17,29,28,66,47,75,100,75,32,91
8,59,47,20,31,63,0,55,64,13,22,40,55,8,91,87,25,89,9,23,66,42,71,32,18,81,28,9,53,41
50,60,12,68,47,63,55,0,36,14,76,64,6,44,14,9,48,16,24,81,81,37,47,13,47,38,87,82,35,12
59,82,8,55,36,93,64,36,0,88,70,9,76,8,57,85,21,6,85,49,82,82,50,99,59,53,69,29,69,89
26,99,46,9,62,100,13,14,88,0,37,62,82,98,54,100,92,55,69,95,37,92,13,86,46,39,34,17,98,22
70,61,55,86,95,88,22,76,70,37,0,46,75,34,28,86,99,84,21,35,48,6,78,25,77,13,68,26,49,47
88,70,33,75,8,45,40,64,9,62,46,0,89,94,32,59,27,31,20,81,95,87,45,14,96,80,48,72,34,46
35,74,96,16,40,81,55,6,76,82,75,89,0,37,69,48,77,52,48,59,25,87,33,40,97,9,98,25,69,69
79,56,51,65,36,99,8,44,8,98,34,94,37,0,45,86,14,24,95,78,17,78,42,46,65,82,63,53,7,36
54,70,56,22,16,97,91,14,57,54,28,32,69,45,0,45,100,40,46,42,33,43,78,77,59,54,85,32,62,28
30,33,96,11,94,73,87,9,85,100,86,59,48,86,45,0,98,39,34,76,47,94,49,52,92,87,98,21,57,94
50,26,28,21,8,47,25,48,21,92,99,27,77,14,100,98,0,31,37,97,66,18,38,48,63,31,15,54,14,93
18,80,11,15,8,40,89,16,6,55,84,31,52,24,40,39,31,0,75,13,94,25,13,33,65,81,8,85,88,82
93,97,29,72,38,42,9,24,85,69,21,20,48,95,46,34,37,75,0,61,31,15,8,57,82,62,95,75,50,74
56,94,20,93,18,98,23,81,49,95,35,81,59,78,42,76,97,13,61,0,58,100,55,76,42,79,43,96,65,65
69,98,74,70,68,17,66,81,82,37,48,95,25,17,33,47,66,94,31,58,0,28,43,54,22,54,21,64,94,42
99,63,23,62,63,29,42,37,82,92,6,87,87,78,43,94,18,25,15,100,28,0,95,92,21,89,61,74,96,56
95,88,10,55,56,28,71,47,50,13,78,45,33,42,78,49,38,13,8,55,43,95,0,97,35,88,35,55,41,45
29,53,31,30,70,66,32,13,99,86,25,14,40,46,77,52,48,33,57,76,54,92,97,0,84,37,68,9,87,58
77,13,70,63,54,47,18,47,59,46,77,96,97,65,59,92,63,65,82,42,22,21,35,84,0,25,76,99,81,64
85,21,57,70,67,75,81,38,53,39,13,80,9,82,54,87,31,81,62,79,54,89,88,37,25,0,36,74,25,62
48,83,37,45,33,100,28,87,69,34,68,48,98,63,85,98,15,8,95,43,21,61,35,68,76,36,0,13,99,51
97,66,24,59,22,75,9,82,29,17,26,72,25,53,32,21,54,85,75,96,64,74,55,9,99,74,13,0,77,56
90,85,25,98,40,32,53,35,69,98,49,34,69,7,62,57,14,88,50,65,94,96,41,87,81,25,99,77,0,64
29,23,17,22,91,91,41,12,89,22,47,46,69,36,28,94,93,82,74,65,42,56,45,58,64,62,51,56,64,0
