30
0,1,2,3,5,8,9,11,14,16,17,20,21,22,23,25,28,29,32,33,34,35,38,40,43,44,46,48,50,51
1,0,53,55,56,58,59,60,63,64,65,68,71,74,76,79,82,83,85,87,88,90,93,94,97,100,102,103,104,107
2,53,0,110,111,112,115,118,120,122,124,125,127,129,130,133,136,137,140,142,144,147,148,151,154,157,160,161,164,165
3,55,110,0,168,171,174,175,176,179,180,181,184,185,187,190,192,193,196,197,198,201,204,205,208,209,212,214,215,216
5,56,111,168,0,219,221,222,225,227,230,233,235,236,239,240,243,245,247,249,251,254,257,258,260,263,266,267,268,269
8,58,112,171,219,0,270,272,275,277,280,282,285,287,289,290,293,296,297,299,300,301,303,306,308,311,313,314,317,318
9,59,115,174,221,270,0,321,322,323,325,327,328,329,331,334,336,339,341,343,345,348,351,354,357,358,360,363,364,365
11,60,118,175,222,272,321,0,366,369,371,373,375,376,379,380,382,383,385,387,389,391,392,393,395,398,401,403,404,407
14,63,120,176,225,275,322,366,0,410,413,414,417,419,420,422,424,427,429,430,431,433,435,438,439,440,443,446,447,449
16,64,122,179,227,277,323,369,410,0,452,455,457,460,461,464,466,469,472,474,477,480,482,483,484,486,489,490,492,495
17,65,124,180,230,280,325,371,413,452,0,498,500,502,505,506,507,508,510,511,514,517,519,520,522,524,526,528,530,533
20,68,125,181,233,282,327,373,414,455,498,0,535,538,541,544,547,548,549,551,553,556,558,560,561,562,564,565,567,570
21,71,127,184,235,285,328,375,417,457,500,535,0,572,574,575,577,580,583,584,585,586,588,591,592,594,595,597,600,602
22,74,129,185,236,287,329,376,419,460,502,538,572,0,603,606,608,611,614,616,617,618,619,621,622,624,627,630,631,634
23,76,130,187,239,289,331,379,420,461,505,541,574,603,0,636,638,639,642,644,645,647,648,650,653,656,659,660,663,664
25,79,133,190,240,290,334,380,422,464,506,544,575,606,636,0,666,669,670,672,674,676,678,681,682,684,687,689,691,694
28,82,136,192,243,293,336,382,424,466,507,547,577,608,638,666,0,695,696,699,701,703,705,706,707,708,710,713,715,717
29,83,137,193,245,296,339,383,427,469,508,548,580,611,639,669,695,0,720,723,724,726,729,731,734,737,740,743,746,747
32,85,140,196,247,297,341,385,429,472,510,549,583,614,642,670,696,720,0,749,750,751,753,756,757,759,760,763,766,769
33,87,142,197,249,299,343,387,430,474,511,551,584,616,644,672,699,723,749,0,772,774,775,778,781,782,784,786,787,789
34,88,144,198,251,300,345,389,431,477,514,553,585,617,645,674,701,724,750,772,0,790,792,793,795,796,798,800,803,804
35,90,147,201,254,301,348,391,433,480,517,556,586,618,647,676,703,726,751,774,790,0,805,807,808,811,813,814,816,817
38,93,148,204,257,303,351,392,435,482,519,558,588,619,648,678,705,729,753,775,792,805,0,820,823,824,825,827,830,831
40,94,151,205,258,306,354,393,438,483,520,560,591,621,650,681,706,731,756,778,793,807,820,0,833,836,837,839,841,842
43,97,154,208,260,308,357,395,439,484,522,561,592,622,653,682,707,734,757,781,795,808,823,833,0,845,847,848,850,851
44,100,157,209,263,311,358,398,440,486,524,562,594,624,656,684,708,737,759,782,796,811,824,836,845,0,853,854,856,857
46,102,160,212,266,313,360,401,443,489,526,564,595,627,659,687,710,740,760,784,798,813,825,837,847,853,0,858,860,863
48,103,161,214,267,314,363,403,446,490,528,565,597,630,660,689,713,743,763,786,800,814,827,839,848,854,858,0,865,867
50,104,164,215,268,317,364,404,447,492,530,567,600,631,663,691,715,746,766,787,803,816,830,841,850,856,860,865,0,870
51,107,165,216,269,318,365,407,449,495,533,570,602,634,664,694,717,747,769,789,804,817,831,842,851,857,863,867,870,0
